quad1: [-0.130153, 0.053351, -0.118118]
quad2: [-0.130487, 0.052176, 0.097553]
quad3: [0.148660, 0.053257, 0.098693]
quad4: [0.149067, 0.055262, -0.115982]