quad1: [-0.559616, 0.225006, -1.088720]
quad2: [-0.580287, 0.292045, -1.226367]
quad3: [-0.546023, 0.429362, -1.161541]
quad4: [-0.525383, 0.364048, -1.026708]