quad1: [0.292467, 0.838685, 0.195351]
quad2: [0.444290, 0.833331, 0.203916]
quad3: [0.449151, 0.984358, 0.169944]
quad4: [0.297057, 0.987340, 0.163852]