quad1: [-0.058485, 0.055189, -0.103009]
quad2: [-0.058614, 0.053782, 0.046518]
quad3: [0.092969, 0.053892, 0.045983]
quad4: [0.092739, 0.055282, -0.105276]