
quad1: [-2.228168, 1.475918, 2.362919]
quad2: [-2.236031, 1.627465, 2.361579]
quad3: [-2.243498, 1.627641, 2.515366]
quad4: [-2.228451, 1.479912, 2.514131]