quad1: [-0.078388, 0.054723, 0.064782]
quad2: [0.074013, 0.055130, 0.068692]
quad3: [0.078827, 0.057299, -0.083029]
quad4: [-0.072534, 0.055808, -0.086270]