quad1: [-0.090309, 0.054599, -0.064004]
quad2: [-0.089933, 0.053235, 0.087781]
quad3: [0.060476, 0.054043, 0.088255]
quad4: [0.060734, 0.055435, -0.062972]