quad1: [0.324718, 0.839584, 0.140765]
quad2: [0.476206, 0.837603, 0.141545]
quad3: [0.477843, 0.981720, 0.097131]
quad4: [0.324425, 0.984326, 0.095782]