frame: 0
object_poses: {0: [[ 1.        ,  0.        ,  0.        ,  0.        ], [ 0.        , -0.12705929, -0.99189512,  0.08927056],[ 0.        ,  0.99189512, -0.12705929,  0.93453534],[ 0.        ,  0.        ,  0.        ,  1.        ]]}